MATRIZ DOS AUTOVETORES 



0.179396461251 -0.447483475764 -0.237492461717 0.217112897075 -0.405013516303 -0.216821444244 -0.336867918166 0.241488757016 -0.31723861567 -0.424911907059 
0.150508186779 0.526969586839 -0.342250096787 0.196486136833 -0.209547290381 -0.299147613739 -0.232594506525 0.234341423591 -0.0946132288814 0.54087085101 
0.483731004078 0.0977302952927 0.480779120574 0.0408295677374 -0.153744621066 0.46312619842 -0.508860771891 0.00974944156034 0.151424676714 0.0595855269846 
0.130254744255 -0.0750924661436 -0.020783640567 0.533346671744 0.43875323585 -0.033076921392 0.102908982555 0.513402672085 0.459628288721 -0.116081782672 
0.623220992277 -0.117230566886 -0.435625199909 -0.506220234223 0.389646440534 6.23516709543e-11 -6.32345275906e-11 -4.44772195542e-06 3.84506806034e-08 -4.62004441522e-08 
-1.07928511511e-08 1.89423019575e-09 -5.14415414471e-06 -1.27449113776e-09 3.459992963e-10 0.543910301621 0.354655488469 0.49615922172 -0.558963989845 0.140592862624 
0.483730997248 0.0977302947091 0.480779294038 0.0408295686029 -0.153744621654 -0.463126198742 0.508860771167 -0.0097395277057 -0.151424761387 -0.0595855914339 
-0.130254802141 0.0750924667042 0.0207731774746 -0.533346669896 -0.438753235897 -0.033076921233 0.102908982398 0.513403087935 0.459628285263 -0.116081773202 
0.179396538818 -0.447483474641 -0.237487446228 0.217112890622 -0.405013516028 0.216821447133 0.336867919532 -0.241493619568 0.317238657403 0.424911885028 
-0.150508133209 -0.526969590609 0.342245267264 -0.196486145369 0.20954729 -0.299147611209 -0.232594504626 0.234348440146 -0.0946132890687 0.540870866878 
